-3 -60 19 1 74 30 -1 -39 -23 -16 51 -21 -42 24 30 -4 25 26 -54 71 -63 -10 40 56 -24 -4 -16 38 4 -10 34 -43
-35 7 38 -19 23 -31 53 56 55 50 -3 2 -56 -12 29 54 7 -23 27 6 -16 3 8 -24 -79 30 -18 40 24 -4 57 21
-10 45 -30 -70 -10 26 12 -7 19 -21 -33 -15 -20 -28 -5 34 -9 -25 -15 -6 15 21 49 -16 14 -5 -28 0 -61 -11 -2 -8
-20 13 -13 -23 -1 -4 23 10 32 -21 -15 -4 10 44 -65 -29 19 15 -60 -29 -33 -16 -14 17 42 4 2 -14 -20 -4 -3 33
41 -30 -57 -25 -55 25 22 22 21 18 36 5 11 -6 20 -66 20 21 50 -38 5 -5 -42 34 12 21 -51 -30 -14 -13 -58 -22
-5 -11 18 -6 -44 4 11 -10 11 79 50 -8 -28 4 -6 -11 22 20 5 16 72 -44 42 -66 29 -41 1 52 12 25 38 0
-21 4 3 24 58 -5 19 -43 57 4 -26 -5 -20 -72 -38 38 -36 68 36 32 27 -27 -29 0 50 36 -29 -41 -6 11 19 -6
-3 -37 39 1 44 1 11 11 25 -17 8 -2 -8 29 10 -18 -5 9 15 -32 40 6 -32 -15 74 69 12 31 38 -38 18 -6
1 -10 -39 1 -47 -17 32 22 -15 38 -17 -25 63 19 18 25 15 -20 -18 9 14 26 -3 51 -36 54 39 9 8 -7 -23 -12
11 62 24 -40 -27 26 1 -28 -26 -33 48 -1 0 -9 -17 -41 9 36 -9 10 32 23 -22 -9 4 47 34 -3 -52 -2 -24 25
-24 -19 -23 8 6 51 -41 -97 -56 8 -3 -43 -51 -1 35 30 -26 48 5 -67 36 5 26 22 11 50 -16 -44 -57 -19 12 22
-23 12 -5 27 39 -22 -13 -36 -41 47 14 3 -25 -16 3 42 15 13 44 -27 70 17 -64 -12 -4 76 11 -3 21 32 -55 15
-36 -3 -11 17 92 -46 13 42 -1 -11 47 -5 -11 2 -4 27 -32 -34 -16 18 17 44 -8 15 31 7 34 -27 24 7 -5 -31
-1 15 0 -9 42 28 -27 -7 -13 13 -6 21 -29 8 91 -47 -4 -44 1 24 8 42 16 41 0 -19 24 4 3 23 -10 3
-21 24 5 26 -53 21 13 28 24 6 9 1 -13 7 -1 5 11 98 -24 75 9 -22 9 -9 14 1 -33 -27 9 -18 7 22
-38 26 11 3 -34 -30 -22 -14 2 40 13 -11 -17 38 16 31 -23 1 -22 -5 -18 -2 -5 -35 -34 15 11 -22 -16 13 41 23
-6 3 -25 16 14 2 -13 8 25 8 46 -2 4 23 -9 27 14 41 -18 52 -34 -4 26 -32 40 -27 -46 39 -12 -26 40 -35
-14 4 -43 -18 80 49 27 -20 -9 12 -6 7 5 6 40 55 55 -54 39 -59 -10 46 -4 -5 -6 51 40 -30 2 -23 -11 -21
42 -10 -36 6 19 36 -6 -10 26 -32 24 10 15 16 -25 6 -31 30 -16 34 8 -28 -28 -25 -14 12 -56 -27 -9 41 -7 -4
-46 -3 -30 22 60 16 -30 18 -24 -9 4 34 3 16 2 17 -3 34 -39 -21 -31 -19 -27 14 -18 -1 -15 -21 3 -36 -30 -46
-19 -2 38 -24 40 -3 15 13 24 48 43 -24 -12 12 -30 12 -2 -25 4 31 -29 46 7 -4 11 -77 19 11 -10 9 12 -28
3 -44 49 -3 -8 -39 -10 -3 7 -43 -10 21 9 4 18 -11 -22 -15 21 24 1 -27 -5 25 20 -27 6 -4 -11 -73 -28 38
-2 4 -3 11 17 16 33 13 47 42 1 -33 -32 -27 5 -35 0 34 17 -6 -2 -31 10 7 -40 6 7 -6 -23 -7 -15 -36
34 41 -6 14 -43 -20 -2 -25 48 17 3 -49 -22 -6 -7 -26 -10 -5 -51 13 -7 -6 -22 0 -3 -32 15 -33 35 -15 -21 -56
-23 50 13 -12 14 18 -8 42 -4 -31 7 3 -43 11 -5 55 -22 -1 -19 11 9 2 -12 -22 13 6 6 10 16 2 -8 -35
-2 42 16 -15 3 27 1 7 -20 30 21 -19 -17 -24 38 -40 -36 -31 -50 -57 -43 -5 72 -24 13 16 -16 -10 -5 5 10 -49
31 61 7 11 3 -10 30 39 58 0 91 9 -6 1 -5 9 2 2 -38 14 -16 -5 -34 3 15 -30 -1 0 2 -19 -16 -34
6 -40 4 42 -29 53 -16 -19 -3 -2 17 25 -13 53 -25 -60 4 61 96 1 39 8 -33 -18 -12 16 -85 -32 -20 -38 -9 -15
36 -32 3 -17 -5 9 -8 56 -29 19 22 37 39 -10 -12 43 -17 -43 56 -18 49 -9 26 -6 37 44 82 19 -46 -55 27 10
-11 44 -43 -6 -13 -9 3 14 14 22 1 -28 16 23 -12 -42 17 21 -8 31 48 -28 88 -5 51 -17 -8 -3 -48 12 -16 15
13 17 -17 5 -24 42 1 -33 5 -42 44 -25 -9 -19 14 -31 -2 84 33 28 17 11 -7 -10 29 -50 -3 80 -3 -20 -1 -4
23 -28 -18 1 5 6 -53 27 52 12 -37 -4 -37 -10 5 38 -29 -7 76 17 36 27 -3 -12 -30 -12 -8 -3 30 -82 -32 -1
7 -11 -23 28 11 5 -14 23 -86 8 22 21 -20 -38 -14 2 -24 17 -4 7 -39 -12 -35 41 17 -13 -7 52 19 -11 -29 -67
13 -12 33 19 22 6 -16 -35 -12 44 -19 -39 -38 -3 4 9 -37 22 3 24 26 -34 -35 48 6 18 1 -16 -6 37 54 -10
64 -17 25 -17 41 1 10 37 69 22 12 23 -8 30 25 15 -40 -44 21 -18 14 -3 -47 2 -48 30 77 21 39 9 -30 17
-21 -44 25 7 -39 3 -29 104 31 -31 13 32 20 -31 2 10 40 8 -6 -9 -21 -35 -34 9 -5 -56 -52 22 58 41 -45 -8
-19 -8 20 -6 0 -36 -13 30 17 41 -10 -8 19 -37 -40 -35 33 -19 3 37 -48 9 4 24 39 -62 9 -44 81 -19 -32 -47
0 -35 1 -7 31 -28 13 12 18 -43 -13 -15 22 -31 7 -4 19 -6 -38 30 67 15 25 -17 3 66 59 -2 -4 -15 -6 11
-9 15 13 18 33 34 -2 4 1 -36 -17 28 23 -31 25 68 36 -14 18 -58 -42 -59 -34 -1 -17 25 -49 3 6 6 -4 13
-31 6 12 6 -5 -6 6 9 6 4 -22 2 6 -8 33 -49 17 5 -4 28 12 2 40 -40 -51 -28 1 19 -18 -1 7 -33
0 5 28 10 -6 19 28 2 -15 -7 -6 27 9 -1 41 -51 -24 20 26 -25 -15 15 23 -7 40 -15 3 -17 -7 1 13 20
-14 8 86 53 -19 36 56 74 53 -8 23 -1 -25 2 38 0 -14 54 -59 53 -41 9 17 -17 19 -12 45 1 -37 -7 30 21
5 -5 22 23 -27 17 -19 17 -4 9 26 -1 85 -39 8 37 -4 -20 6 -2 -46 65 46 -49 -53 -32 -2 15 3 42 -7 7
20 3 -39 9 24 -32 15 41 -23 -16 -33 19 -1 -1 24 28 -4 7 21 5 -7 -41 -81 18 4 16 3 -45 42 59 -30 -8
-63 -23 19 23 -22 -11 13 -17 -31 -6 -28 36 -41 -7 -38 -36 19 35 26 1 35 2 -16 -38 28 3 28 -4 6 1 -3 22
7 0 -20 15 -10 -16 17 72 54 -22 -13 23 -12 -3 -65 8 15 -18 -4 5 -1 14 -4 -1 -13 26 14 14 29 0 -12 37
-2 29 28 16 11 -1 10 4 -1 5 -41 5 -9 -28 -25 -52 -5 47 -34 -21 37 -46 5 17 7 -25 23 -64 -2 -3 4 -21
-35 -41 -4 -5 0 -24 -32 -4 -44 -14 -30 22 33 50 47 2 -4 -54 -53 8 48 50 -37 11 -28 13 5 3 -19 -25 32 -17
-11 -5 -36 -11 -18 -16 1 -52 12 -15 15 8 29 -5 -31 27 30 -9 -13 19 -6 25 33 3 28 30 20 -42 -3 -7 -15 -35
-24 24 10 -9 -3 23 -22 -23 36 -10 55 44 -58 -70 -34 6 -8 -33 -43 23 9 0 -1 -14 53 -7 22 -18 -23 -6 -7 2
27 7 25 41 -51 -22 -39 -40 -32 3 8 24 3 -1 7 27 -39 -38 -4 -15 17 -39 -27 28 40 7 36 21 16 -34 -26 -21
-22 -38 -53 5 36 -1 -15 -18 -1 -10 -56 68 9 9 6 23 3 38 89 -13 15 -22 -21 34 30 25 -4 1 -19 -2 8 -18
6 -35 -30 10 -7 22 -13 36 19 12 -67 18 -16 -4 -31 -7 9 25 -60 -11 -33 -40 -8 24 -28 -13 -5 -58 -15 -37 -10 32
5 46 -51 13 36 -18 30 6 -48 -8 -1 32 27 -2 -20 -32 -17 -17 40 -9 50 34 12 26 33 14 94 15 1 15 -3 -8
-14 7 -25 -24 -5 3 -25 -52 -2 -22 13 1 -19 -13 -33 16 -36 12 0 -20 -19 7 -58 45 -19 -14 9 -7 55 5 -41 -14
24 -36 -18 47 6 -45 -16 10 49 -24 1 -7 -27 -34 -39 -64 -22 -5 -1 -34 12 40 -17 2 19 51 44 3 -18 18 15 -29
-15 -54 -3 -16 10 9 16 50 21 -3 45 4 -9 -6 -16 -14 26 -4 59 26 50 -27 46 -40 -50 17 -23 11 30 -3 4 3
26 -36 -19 9 55 0 -5 5 6 -6 -30 -10 10 -19 28 49 -17 -15 -1 -13 5 19 18 10 -36 28 5 -23 8 -1 41 6
-14 39 25 -25 14 3 12 65 25 52 -12 14 25 -17 27 75 18 -27 -8 -48 2 69 5 27 29 23 1 25 39 -8 26 15
-5 -29 37 47 -1 9 -40 39 -32 -41 63 -12 -2 -33 -39 26 5 127 -9 16 16 -28 9 -12 -13 19 -40 -4 -20 -31 -40 13
-21 10 8 23 -36 9 -23 24 18 17 6 -62 -39 21 -17 30 -34 24 13 15 4 -27 -10 16 -24 35 28 38 21 -37 5 21
-16 -26 -37 -29 8 3 41 1 -4 15 -25 30 25 -29 7 -7 6 30 -21 -29 27 -75 1 1 -5 12 -24 13 -14 -17 -25 -19
7 68 35 38 -57 29 -18 19 -41 19 -20 -31 22 54 8 17 47 -48 -3 -42 -13 -8 53 5 7 -13 -2 17 -4 -8 0 -33
-51 -36 15 -12 -19 -7 -16 -15 -47 -6 -16 -20 30 17 -51 -32 -26 51 -25 34 -4 -19 -9 -53 7 -6 -13 15 19 20 43 -24
