70 9 33 80 62 -19 44 -8 -4 14 11 38 19 -2 40 9 67 -19 10 -28 -77 21 29 -25 78 -49 10 7 34 55 27 13 -30 -56 -12 12 47 39 -13 -5 -35 -23 -58 63 -11 -16 -29 19 -53 -7 -30 5 -17 -43 -3 14 2 8 -29 14 -22 -12 -27 -39
7 -18 -54 17 -30 9 39 6 37 -41 20 -20 -33 -25 7 -1 -29 25 15 -51 53 62 39 -6 -33 35 -9 59 -1 37 29 23 0 63 3 19 65 -45 -42 33 -39 73 -16 -26 71 50 69 23 -28 63 -8 30 32 -5 20 31 17 -38 4 68 -22 -5 -15 72
21 9 -26 19 -22 7 -7 26 19 -7 21 -29 -52 9 19 19 86 29 -30 37 -41 -16 -2 57 -23 -28 -1 -4 33 -32 -24 -15 -17 67 31 6 -40 28 -33 -52 39 13 28 10 36 -21 -29 17 -25 -23 -15 7 -12 -43 -22 -74 26 -54 -42 23 -24 51 -43 17
7 -42 17 -1 26 39 86 43 -12 -7 43 16 15 -59 21 -26 24 -12 30 11 32 -17 -31 -14 2 12 82 13 -46 -6 4 16 -51 10 5 13 -15 -9 -47 -13 -18 32 -40 24 56 -70 25 17 -20 -14 -4 -14 -10 -58 37 36 -26 -50 10 6 5 -11 23 39
-16 -50 -53 25 -40 -5 -6 -3 -65 7 23 -3 -16 -3 36 -94 80 3 -22 -13 22 -5 -68 69 -1 34 -16 67 -5 26 -14 40 23 51 -21 -10 81 -36 -5 41 3 38 -14 10 -37 54 7 -29 23 -16 -44 -48 23 -8 -6 36 -36 -26 -21 29 0 -10 -2 12
-30 -31 9 -30 -39 -8 8 80 -23 32 32 -26 26 -44 -81 19 -56 17 -23 55 35 -16 -23 -40 -14 -10 -12 23 21 15 -15 -48 45 -24 -22 -16 -62 -15 -16 18 23 -6 28 11 7 6 -4 -19 -8 -38 10 -22 28 -3 2 16 28 -53 -10 46 -56 13 -75 -30
-2 -59 -33 -48 55 10 34 -3 -12 -54 -2 -16 27 31 61 26 -14 -38 25 12 -56 11 27 2 -4 -27 -46 46 -13 -4 71 23 12 7 50 60 31 20 -70 3 -4 3 29 -92 -11 9 -11 -53 30 9 -32 19 27 4 26 3 -7 -39 -8 28 30 -4 15 -24
-16 -7 -35 32 15 21 24 65 -16 -73 12 -9 -23 -38 9 4 -1 70 -32 -26 -69 8 -67 -18 -7 -24 65 47 28 -24 58 16 26 42 -30 -7 35 -89 50 22 -2 28 -36 -13 42 42 100 -8 -21 -18 -34 -8 13 -5 35 -8 -11 -21 -61 -27 -39 43 30 62
-43 -69 -22 8 16 42 24 59 -8 -30 -49 -27 5 -35 47 45 -69 25 -74 13 44 1 -43 -19 -7 -7 -3 13 0 -36 8 50 -13 -11 36 -81 42 -21 5 4 31 -2 -25 42 -72 1 -38 -31 68 -2 7 -56 -24 8 11 21 4 17 9 -38 2 26 20 -1
-21 -41 -4 41 -65 -12 -25 26 -19 -15 -1 13 -17 -106 37 13 5 -43 12 13 -10 -8 -31 -6 -49 14 -26 22 -57 -15 14 -55 4 -7 -58 -38 24 29 -4 16 7 25 41 -52 29 -13 1 -15 -11 -41 6 55 -2 -1 -24 -4 18 -14 -21 36 -30 8 27 58
0 42 34 -31 -41 -3 48 -1 -20 52 17 -75 8 12 23 13 7 -46 -12 -31 -27 -43 15 3 -13 -22 3 50 -73 17 -3 -63 -65 -25 9 16 -28 34 47 14 -20 46 23 28 -16 -95 78 -58 0 78 11 34 -50 -57 -19 36 -8 -27 2 57 -47 -40 -26 47
3 65 31 0 42 12 -6 27 -24 -9 52 8 -29 -23 47 -21 -7 -19 6 -13 -52 -30 -31 41 29 19 -15 -4 -19 -31 98 -75 19 -42 -5 -29 -39 -38 58 -6 -26 17 -2 23 -52 11 30 -63 16 56 0 37 22 -20 1 -52 -8 7 18 25 25 -37 -3 9
76 -11 -17 7 -31 21 1 -64 -2 -10 -48 -16 42 12 48 -46 36 -7 18 14 -36 -2 -25 -2 -27 43 -20 -18 -18 -30 9 -28 47 38 -1 -6 38 12 17 4 -56 25 -19 19 40 -24 30 52 -21 55 -28 -9 0 -5 -31 -20 -24 10 3 101 46 -17 11 54
24 -6 2 37 -28 8 27 2 7 -12 37 47 3 -11 60 -20 1 -18 -86 -38 1 -46 -34 -15 -51 -14 -5 9 10 12 28 3 8 -18 -3 19 -35 27 36 -12 -8 12 22 -38 -3 -32 20 -64 46 -33 2 -25 -25 -39 28 -17 5 -29 -32 45 32 -6 -47 93
-25 -55 86 -11 -49 -15 27 7 -29 61 -11 -38 28 38 -9 -49 45 -73 -41 32 2 -10 12 -5 -41 42 49 24 -7 83 8 -9 12 54 53 -4 14 -46 -10 -27 -34 65 -28 -19 19 43 24 85 -1 8 9 50 17 -4 -32 8 50 -15 12 32 30 -27 78 -31
-10 27 10 30 -17 6 14 53 22 27 -15 33 3 40 85 -12 -3 -35 -5 -13 15 -6 -12 35 -29 14 -9 42 37 -5 32 6 -27 12 8 19 -4 2 -38 -11 18 39 -16 2 15 7 25 -67 -1 7 -33 58 5 51 -27 -30 11 -58 1 27 35 23 -14 -25
66 -30 -35 -32 37 -6 -12 3 -7 -22 30 29 27 20 36 -61 71 0 20 37 54 13 14 -20 4 -29 -17 -16 -20 40 125 6 -45 50 -10 -15 12 -42 7 1 3 32 1 -1 16 13 -23 -54 -1 -48 3 27 20 -38 -30 11 -12 -12 12 -8 -12 -27 -35 -12
39 -2 -29 -1 -55 -9 84 -8 24 -2 16 6 -45 -7 82 -28 2 -25 9 18 52 16 -2 42 26 -50 94 70 -28 18 69 -6 24 48 -33 -12 39 14 31 2 -10 -35 -39 -1 33 16 10 -15 9 2 47 -7 -49 -49 48 -39 24 -11 -15 24 42 -6 -1 -29
13 14 8 50 2 20 68 -52 -16 48 38 20 23 5 74 11 20 -1 6 -38 31 -5 61 -3 16 8 -15 48 52 4 8 -12 -63 1 9 40 36 -14 -9 39 -6 -2 44 33 7 -20 -57 14 -29 -66 53 20 -38 -41 28 -29 45 20 11 37 7 29 -15 16
22 13 -40 -15 8 -8 75 -9 -6 26 19 4 -29 2 49 13 -18 54 -48 -53 33 7 -18 -37 79 3 20 33 11 23 40 -12 -10 -56 -28 13 36 19 -11 -43 -92 39 -22 -16 13 -46 -6 58 18 11 -52 83 -47 66 -71 47 60 -29 8 43 -26 -48 -44 27
-15 -23 32 15 -25 -40 33 -10 2 53 25 -7 7 -38 57 -21 5 16 5 -65 -50 -16 11 -5 -31 -45 -16 7 25 -8 28 -20 -9 -15 -27 21 -30 -17 -2 -48 -11 -39 -16 -2 -18 -6 43 -7 39 11 26 -8 3 12 -19 -27 -41 49 -35 62 -15 -29 21 -21
16 -14 16 -31 28 20 -17 92 18 76 60 4 -14 -17 -52 -24 12 52 -26 29 -41 -20 -15 12 17 32 27 24 13 57 -6 26 -60 15 -15 2 35 6 29 47 13 37 -13 -1 -11 36 17 -22 6 34 -1 -23 4 -62 26 -14 -11 30 -48 82 -16 -17 34 29
88 -12 -4 -45 -11 -13 1 -58 54 -47 -85 -43 -27 -46 61 -7 16 10 10 33 -31 -19 22 -84 -43 16 -9 51 12 -35 35 40 5 -25 27 28 22 22 -100 32 60 32 5 22 20 21 11 -34 -32 -34 -45 -37 59 22 -22 -13 7 -24 -6 55 0 11 29 8
14 -15 -1 -8 -18 15 32 5 16 -24 -34 13 18 -5 64 28 101 -14 -33 -25 -15 15 -72 44 -6 -8 -30 13 -10 1 29 -20 -30 23 3 12 39 -35 -28 43 -49 -31 25 7 10 -3 9 -9 46 -14 -5 60 1 73 -5 45 -52 3 -59 52 -40 9 -9 -26
-61 -20 58 -11 30 -1 42 -55 -13 32 3 12 -13 35 14 0 22 25 7 52 -3 9 -21 5 54 -22 -38 50 0 6 6 3 28 -29 -33 3 -55 -44 62 22 0 32 -37 -11 28 30 18 -88 -31 15 -11 97 31 25 -37 -1 14 39 27 48 -30 47 -46 -15
11 -9 -33 -26 -52 22 56 0 -14 -49 37 82 -61 -41 -11 -20 13 52 34 18 -23 -38 -26 51 0 -15 -4 45 -45 51 18 -7 15 9 -12 -5 -28 22 -18 -33 5 44 -4 -21 21 65 -44 6 8 38 33 2 -56 30 -28 -31 44 -31 42 31 12 10 -55 -52
19 15 3 -22 0 11 -18 31 -58 20 18 23 -40 -3 98 20 21 6 3 73 40 -4 8 -13 43 -47 -45 62 54 21 26 22 -22 15 1 28 -45 -18 28 -18 -33 92 0 -21 -50 23 36 -16 -35 -1 -28 -38 -3 -40 6 20 -28 -47 44 -4 -21 7 20 10
26 -17 -32 52 83 69 18 59 12 -16 22 -10 -38 -34 50 -62 36 -63 -71 -61 71 -7 3 47 33 -47 36 19 -27 6 62 -29 13 9 -59 -21 13 42 33 23 -27 80 5 -35 0 28 12 25 38 13 -28 0 2 59 -56 -4 -19 11 -88 62 1 -61 -12 37
-63 -4 -35 -20 1 6 -1 16 26 -9 55 66 -14 -27 -50 -6 -12 29 -50 -9 31 -25 -25 -48 88 -25 -44 -5 -21 -6 37 -10 -31 -51 0 4 49 3 -3 -39 -10 -26 -14 -32 26 -3 -6 -63 18 15 -27 48 -45 5 -8 -44 14 56 -1 2 16 4 1 -12
41 11 -18 -4 -25 -18 -6 -32 25 -9 27 -9 -2 -29 32 -11 -21 -52 9 -23 0 -17 32 18 17 -21 16 76 -25 9 -43 47 -13 26 -57 61 -13 19 5 -11 56 -59 7 30 7 -3 -2 -47 3 16 3 3 -16 -3 42 -69 8 -11 45 21 51 -71 15 14
58 -58 -5 8 -17 53 1 65 35 32 24 -45 -20 14 47 42 1 -38 29 -27 36 39 15 -12 4 19 8 85 -49 -28 -12 -20 -72 -11 -21 8 20 -42 30 63 -7 75 5 64 43 -54 13 30 2 -2 42 -30 1 8 -13 -1 25 14 -34 -12 -26 0 -5 -10
4 -53 14 7 -42 21 57 -33 44 -10 12 -21 37 1 -2 -45 -24 -74 2 -32 10 -25 -26 -16 27 31 25 -24 -8 30 37 -20 24 30 -102 31 -51 20 -5 48 -3 12 -6 32 5 -7 43 3 1 45 52 2 -10 39 36 24 -45 4 -34 25 8 3 -16 68
-46 22 -62 17 -30 40 14 6 -34 -22 12 12 93 4 53 -52 -30 -20 -40 49 -8 45 50 1 19 -2 25 26 -18 22 75 24 11 12 -32 -29 17 -46 -25 46 63 -36 52 -8 4 -5 46 -57 17 -32 19 46 0 10 12 -27 50 57 18 23 -15 -21 57 62
8 -56 -94 -31 -4 59 -9 14 43 5 0 -52 -46 8 18 2 15 11 -26 -11 70 -28 -9 -20 17 34 -9 -2 -25 23 -4 -13 -79 -37 -3 37 16 -37 -47 10 -55 58 1 -55 -26 -25 -14 -55 -28 -23 -24 31 3 -37 -13 -29 -9 27 1 101 14 -30 27 53
45 -38 -5 41 -56 -6 -35 -32 -33 42 -2 -33 -39 1 20 43 30 -53 -21 36 -14 57 -37 19 -26 -17 43 7 15 21 42 -30 -7 22 -26 58 -21 -10 -33 -67 60 11 -16 -9 53 -33 32 -17 -19 18 33 -20 -26 -40 35 -19 -61 47 -50 48 7 10 -20 26
-64 14 52 29 -67 -30 10 22 -5 -16 28 54 -8 17 -76 -33 -8 -16 11 34 15 -21 -51 19 -60 22 -6 -15 12 4 11 -3 14 29 14 37 -3 54 19 -21 -36 -1 -46 -33 17 -19 -29 -9 3 -7 -12 42 11 -3 83 6 46 -20 -50 -5 -8 -17 44 0
14 -7 -14 2 57 -19 42 -31 -16 0 20 57 -5 -35 38 -14 17 -7 -65 17 21 30 60 -40 19 14 -11 35 11 -36 25 -31 -22 -56 -18 -2 20 -1 -51 28 -4 19 29 47 74 -2 16 -43 37 -40 -60 35 -17 27 13 -54 -85 -38 -6 -16 -20 -49 6 13
-18 43 50 20 -60 -32 28 -17 -16 30 24 52 -15 40 -7 48 10 -29 -54 -10 -7 28 -4 -14 37 -8 -17 36 -18 26 -7 -7 5 -10 0 30 15 16 -21 27 22 34 -27 -6 28 -20 -3 59 66 41 32 -26 17 -9 -36 -17 8 -18 -22 46 6 8 4 -15
-56 7 -17 -68 -13 -37 39 25 16 -22 33 31 -11 -20 33 -18 9 42 64 55 28 -51 -23 -18 56 -24 11 23 -23 16 21 -42 41 -72 -18 32 -42 13 -43 -8 -77 -42 -54 -13 -6 -21 26 -35 23 53 5 -11 -42 -15 24 5 39 27 3 31 63 47 -10 33
12 34 22 -33 -54 21 79 -20 -7 -34 47 -61 -75 6 4 -18 -8 21 -14 -36 -32 28 -17 -46 5 16 44 27 -18 19 34 -1 -1 8 -2 10 -35 -38 -28 18 9 26 -9 -38 46 1 44 14 74 -8 31 43 -18 0 -48 -52 12 27 18 30 30 -20 -9 28
7 -10 44 -44 -17 -8 42 7 -43 18 45 41 22 -67 -24 15 -1 22 -42 -2 -47 -66 10 28 9 -1 -52 52 3 69 40 -67 25 -48 -25 -7 -5 14 -34 -42 20 -9 3 -73 2 -28 -29 26 -36 -37 -11 29 -29 47 49 -29 -1 -25 -58 26 26 67 -30 47
34 3 20 27 65 16 14 -21 9 34 18 -6 5 -9 13 -56 18 27 15 0 -61 -2 35 -29 -65 -51 9 33 37 2 -41 -27 27 3 23 15 -9 -4 62 9 -4 2 4 -72 30 62 -25 42 -7 9 36 -7 41 -32 -29 -20 30 -10 -52 9 -25 24 -11 4
-19 12 -6 10 -86 5 28 -1 22 25 52 18 -63 -80 -47 -2 -3 14 -21 -24 18 21 -9 -1 15 16 -38 -7 -37 -13 36 18 -37 17 4 -15 -47 -5 23 -75 -13 68 20 8 -17 -21 -1 49 17 -30 40 3 56 -13 -33 6 39 36 3 -17 -16 -67 -30 -2
10 -12 -2 -14 25 -28 39 69 16 -17 -10 51 -36 -33 -33 -43 -33 31 37 -23 7 24 3 -32 -48 33 16 30 -33 11 28 10 -25 35 -47 31 35 54 -11 -35 26 -27 -1 -11 -25 11 -44 18 -31 -58 -1 24 19 33 -79 -33 7 53 25 75 -17 9 -37 -9
-30 -22 -13 -2 1 19 19 -5 -18 -10 -5 32 31 39 -22 15 -46 20 36 -5 35 -39 -30 -5 35 -14 -16 -18 12 45 31 23 -7 -19 25 -2 -7 32 -7 -31 30 -6 -38 -37 10 78 -12 -14 52 -3 -48 -38 41 29 28 -2 -19 -4 4 -14 19 -42 -11 -4
-28 -74 15 -26 44 -11 -6 8 35 -18 42 61 35 52 47 50 54 14 -14 -75 -44 -16 -13 -5 -32 -53 -5 6 -22 -22 -25 -13 -28 42 11 -32 -10 -38 34 43 41 -45 -6 -14 24 -33 -21 -16 6 22 -10 34 27 -1 -41 -39 24 -13 -57 32 5 -47 39 31
-3 -43 -47 -12 -57 13 -33 13 -9 24 -21 28 -43 25 -2 17 -45 27 10 12 9 -8 41 -5 -24 -2 -33 -1 3 -9 12 65 19 35 -12 -21 -14 31 -71 -38 3 -20 61 15 -15 -51 -11 -45 17 5 11 86 -30 3 -40 -3 59 23 -3 20 -40 -13 3 4
-58 8 9 -14 0 -49 -34 11 -23 0 37 11 -92 -9 -10 -9 31 -46 8 52 -22 14 32 7 -22 -24 24 37 -20 -36 -34 55 -2 77 20 15 9 35 -32 68 -3 -33 7 36 -26 20 -22 -22 -15 25 -36 22 -11 -21 -40 -40 -48 31 -10 21 41 -41 -31 12
-66 -20 -31 9 -14 68 44 -23 -13 -11 118 -36 9 -71 5 64 -12 44 -2 -14 -9 -21 -21 -44 51 -13 9 -16 42 -5 4 -61 13 60 -26 -15 -38 6 2 21 18 -34 4 -11 -30 -3 127 74 6 57 -1 11 -65 -26 -26 4 6 -16 -19 7 -45 -20 -13 -39
-14 -26 41 -10 -7 15 29 -53 -12 -30 4 -5 8 -31 -17 -18 36 23 12 -9 -12 17 26 1 39 42 -56 22 5 16 41 -31 -54 38 -27 -25 6 -20 -53 -2 -26 13 -20 -23 -3 35 31 -34 94 -11 -38 42 -12 79 28 -7 55 34 -38 36 -16 -3 4 -27
-46 14 -46 -87 -28 12 2 47 7 -25 -5 -35 39 -44 -27 -4 1 -39 -30 9 37 10 -1 -52 -20 17 35 38 10 44 100 -20 -25 52 14 2 12 -19 -34 -28 41 -53 13 -19 -7 25 29 12 -61 52 44 15 0 67 31 -1 -7 -1 41 42 -53 15 29 -47
-5 -59 4 -71 -23 -20 -10 55 19 -13 -20 8 -31 32 69 36 11 7 -13 58 -20 50 -38 -10 -56 5 -44 65 23 22 14 -36 4 63 6 -37 -63 -20 -59 24 26 -38 16 -19 5 13 -13 14 -55 3 0 -53 -60 -52 13 4 13 -38 39 42 -24 39 -8 -55
-58 24 -3 27 -3 10 84 52 -14 13 27 38 4 -18 6 -15 58 49 -7 14 -6 38 35 19 30 22 39 29 11 -16 -45 -1 -25 3 42 6 -15 -26 -48 42 -59 -36 -80 -11 -5 -13 0 -28 -29 60 -11 43 -28 60 50 8 -33 7 2 20 -31 -51 5 5
-3 37 -49 32 -25 -13 -16 9 -62 -19 -7 56 9 25 1 -33 29 -15 -18 6 30 -9 50 -19 23 0 50 13 -53 40 0 -18 41 -10 27 -28 -29 63 -26 -23 -57 46 9 8 37 -44 -17 -1 -50 43 0 3 8 -16 1 114 22 63 -8 -20 11 -45 -77 26
18 31 1 62 -3 -18 -88 5 29 0 49 92 -1 44 -52 37 1 7 -5 -5 -11 4 -6 -38 14 -21 33 4 15 -65 -40 31 -24 -16 -1 41 10 47 -9 4 -40 30 0 1 16 48 -7 58 -27 14 67 -1 8 39 -5 -50 -33 27 34 30 39 2 7 -49
7 25 -19 18 -61 23 21 77 49 50 39 39 -33 -7 58 -45 -18 -29 48 -19 50 -16 -17 43 32 -90 12 23 20 -18 0 -13 7 -6 -11 1 24 14 -18 7 35 41 36 18 -30 -45 -8 -42 -25 -6 -15 6 -44 18 33 -18 26 99 3 23 7 32 -57 -35
4 34 4 -58 -28 -27 23 -20 -21 36 55 0 20 -56 7 43 16 20 -13 -21 -7 -54 54 19 -3 -21 -4 28 44 -26 -32 69 38 26 5 26 -43 55 -1 23 21 -12 -10 40 38 -59 -56 -26 -29 -38 9 -1 40 57 -2 56 1 -4 8 32 -53 -7 10 14
-11 23 10 -23 72 15 -3 -15 37 4 95 -3 -35 7 4 -65 -12 7 -12 -21 -45 23 -19 -34 -25 -16 2 18 -21 -12 -47 -113 5 54 30 -22 3 -34 -4 -16 -28 7 82 55 0 29 29 -14 23 -48 -26 21 -14 68 21 -13 -17 18 -27 17 -45 21 -6 16
-32 15 80 -18 10 50 34 19 -31 -42 13 -4 6 14 -23 21 61 -16 -16 -2 37 -42 -35 -72 -14 22 34 9 -10 28 6 -64 -41 54 22 -50 27 39 -14 19 -125 27 35 -38 11 -12 -3 -7 -43 62 -10 16 -34 -26 13 18 28 48 1 -16 25 -21 29 15
40 29 -35 -32 24 63 -34 6 11 -50 28 8 -64 60 -28 -38 14 37 24 -13 0 -27 -44 36 -3 -6 -68 -8 -18 -2 -8 -15 31 19 49 -48 -23 3 -14 -5 -39 -29 -59 -30 26 -8 51 -13 5 -41 87 8 28 22 -20 -44 4 -6 2 21 4 13 5 -45
48 46 -38 13 -22 -24 11 63 38 21 -25 98 35 -70 14 -11 13 31 -31 61 5 28 45 -25 -31 37 44 -46 77 -3 23 19 -32 -25 -58 -42 -50 5 46 -4 11 19 18 -13 -46 -15 3 -22 13 -10 21 -12 -31 67 0 18 -38 0 30 52 -23 -27 -1 -47
3 7 24 43 18 24 10 -8 -63 -29 20 -44 15 -3 -36 -10 23 50 -64 -5 30 -12 4 -50 -16 60 -28 -55 17 30 36 -17 7 23 35 -24 56 -18 24 -3 -20 -27 -24 -15 -32 22 -23 -10 17 -4 -47 -18 -7 -10 24 -25 -36 -19 23 10 -55 21 29 -53
-20 56 33 -3 16 69 25 -36 49 -29 46 35 37 61 -51 4 62 55 6 -34 2 -33 -49 19 2 -26 11 -23 73 3 49 -27 20 66 23 31 -58 29 1 22 29 -83 -20 -22 7 -66 -36 44 7 -37 -8 52 -61 4 -9 6 14 78 28 -25 42 -29 14 54
37 37 -74 -9 -20 41 36 14 30 -21 34 17 -47 22 18 45 14 59 -58 -12 -5 -14 -3 -19 24 -33 1 -7 21 -29 40 -8 -48 30 16 -10 -5 19 -2 -29 -47 1 -55 37 -31 -29 -33 -34 -25 -10 -77 -65 -24 41 -44 -3 45 -28 -3 -33 31 15 20 83
55 5 -7 -53 -57 -4 -34 27 -24 -19 -38 84 33 -14 2 49 -34 86 -34 -6 -56 -88 34 3 -58 -55 35 -10 63 25 -6 1 -18 7 12 22 -7 33 31 2 -44 -15 -68 -41 27 16 0 0 -24 -18 33 33 -46 17 4 55 -61 -11 42 -42 81 -39 1 20
31 34 -15 26 -26 -20 23 56 -4 -29 54 -27 70 -21 16 37 22 34 2 -55 -27 21 22 -35 11 8 55 -23 0 -27 -39 12 -23 40 -5 43 13 15 -38 7 1 11 -22 -49 11 4 7 45 -30 -80 16 31 -16 18 -36 -70 -60 18 57 -22 28 -20 -2 27
7 -8 -29 -8 39 -54 35 14 -29 0 6 -20 -9 -30 -73 11 32 78 -37 72 50 44 -26 -19 -65 6 -15 -5 -13 26 6 -38 -2 14 82 -4 -32 -5 -1 -7 -61 -18 -28 -9 71 -29 47 50 24 -1 23 -1 -18 -14 8 -7 -12 63 -12 16 -16 -53 -48 -15
24 30 -8 16 2 -10 37 44 38 -10 32 -58 15 22 2 0 41 20 -5 -8 33 -13 -28 -4 56 -10 18 -16 5 -14 -44 -4 24 57 29 -34 23 21 47 66 40 -20 -11 38 -15 -6 21 46 8 -97 12 5 -32 12 36 -38 50 48 41 -33 -8 -13 0 -1
-8 2 -7 5 -55 16 66 40 -28 35 88 3 31 85 34 57 -37 28 13 19 26 2 -44 35 13 -40 24 13 30 -5 52 19 -26 -47 -12 -83 -9 9 -40 -21 51 -2 46 -7 -4 -74 25 45 -10 -11 28 -11 -26 20 -21 20 -33 64 30 -1 -28 -35 -30 -44
50 21 36 54 43 15 -8 28 10 -8 -6 44 57 2 -16 29 -22 41 58 -14 2 63 -12 5 -31 -24 -47 86 30 2 -38 -61 8 1 32 17 33 4 21 -15 -29 -13 21 20 0 9 54 -48 -41 -1 24 4 30 -91 -79 -19 84 15 -64 -19 21 32 16 -5
25 44 -18 -7 -5 -55 -31 -73 5 -10 1 9 23 -16 41 -48 1 13 28 -16 35 -11 -3 -5 23 28 -21 -48 -24 10 1 5 -24 31 5 -58 5 22 5 2 7 -38 46 -11 53 -19 34 14 5 -32 41 27 -3 48 2 73 33 1 51 4 68 3 -3 8
15 55 10 -6 -17 28 -6 -34 -30 -15 8 45 -15 42 -48 90 -50 18 -7 -26 23 32 -6 40 3 -36 -3 -14 22 -9 3 -36 36 -8 -28 86 -47 20 -72 8 6 -11 -49 -29 -22 -39 -28 51 14 44 -33 -2 -58 -33 -11 -14 60 12 -5 22 3 -36 -21 53
48 16 34 51 -15 7 15 -24 18 -38 15 -1 20 -36 -17 67 -4 20 -22 2 13 -19 -8 -6 10 37 -23 21 35 12 35 3 4 -1 4 -12 -61 25 -11 -49 32 -33 24 -25 33 62 -51 1 33 9 10 41 -26 -34 -25 44 -29 -38 46 -20 -14 -46 18 23
-14 -32 -63 16 86 15 28 8 15 -7 21 -19 -35 12 3 -34 -18 7 24 5 -5 -56 9 18 73 14 30 25 -51 0 -7 -15 28 59 -18 -10 14 -21 -70 -9 -37 -66 26 54 19 13 16 7 16 -5 -25 53 25 97 -29 -48 42 9 53 63 -45 -29 -56 -1
-20 -58 3 40 -33 43 33 1 -33 -15 82 -4 24 -2 -34 27 56 50 54 5 1 15 -7 -16 -53 33 1 -55 -53 63 37 13 -49 -4 -23 -15 -7 -20 -46 22 8 16 33 36 58 30 17 -7 -42 19 -9 78 -17 17 8 -49 -27 -55 15 7 26 -24 -35 -6
18 -29 13 13 27 -11 11 44 -21 -1 77 17 37 17 36 21 -6 8 -8 22 2 -3 3 9 52 -31 36 -18 -3 -1 -45 -21 -5 -15 55 -30 -6 -16 42 -46 14 39 43 5 60 -32 -16 -11 9 -71 32 51 -10 49 18 -32 -25 -5 18 31 24 -21 4 -15
56 -5 -2 -13 -40 -2 35 -2 -52 -6 -12 11 38 -14 -5 7 -48 31 -10 -32 -44 -4 27 16 -39 -12 14 33 60 11 34 -47 17 58 12 40 45 25 56 -11 -8 47 9 -42 3 98 -77 53 -16 17 28 -33 -52 -20 -5 -56 19 33 19 4 -43 -11 1 29
8 63 21 -2 15 54 -29 -8 -8 -22 -19 30 -8 30 -16 -36 39 79 7 17 57 14 39 24 44 10 8 14 -34 -25 43 47 14 -26 54 -3 -39 25 30 26 -10 -21 -48 50 9 51 -7 66 -60 5 -27 -7 -44 -12 62 -19 32 -51 90 -5 31 41 -19 17
-8 -15 -51 -8 24 30 18 19 13 -24 -37 -5 -46 36 81 39 -11 22 38 -20 4 -75 -37 -19 21 -26 18 3 75 -32 -69 -81 -5 42 19 16 -3 13 -50 61 16 -51 -70 17 0 -10 48 -10 -27 23 21 -27 26 76 -12 -20 -26 42 38 -40 39 42 10 -70
28 -46 25 30 31 -87 -15 30 0 -50 -2 12 -50 65 26 10 -26 10 -22 -33 4 33 -6 -14 6 25 -19 -49 44 -41 16 -3 -30 50 46 14 14 21 -33 -21 -55 3 42 -13 11 -19 -15 -3 -48 37 0 47 10 -17 -11 -53 25 18 -18 -53 -18 -37 4 -32
70 42 -12 -53 -4 -66 42 31 51 -18 38 57 -6 -14 41 11 11 19 -42 37 -68 30 -9 -6 -18 17 11 45 8 -2 -17 3 -15 42 60 -70 -43 -28 22 -33 18 39 21 -35 -39 -90 16 -31 3 7 -43 45 -34 -9 -40 2 -26 90 -11 -1 -9 29 0 -47
6 20 -43 -39 -22 8 -1 -69 -23 38 35 37 5 79 -3 -3 -17 6 26 -69 -41 44 -26 -38 -6 -25 7 -40 63 -40 -3 2 8 1 10 -7 41 0 32 -28 0 -14 28 -20 -19 -6 0 -61 -28 36 -8 9 19 28 57 21 -15 14 33 31 -29 22 59 -3
-1 -26 -35 -4 26 -10 47 36 -10 25 8 18 42 86 -47 -7 37 9 -14 56 -3 23 -10 -52 -17 23 4 -25 81 8 -33 43 30 -16 31 22 14 9 -59 -15 -2 -29 -17 23 -12 -57 -21 -12 -4 -41 -10 -13 26 3 18 9 -43 9 62 -53 33 3 -50 21
31 5 10 56 -21 58 64 -38 7 3 55 55 58 -46 41 23 -65 65 -37 26 -21 -10 15 -7 -48 10 -41 16 -26 8 9 67 -64 12 -29 10 -6 31 47 -15 -1 18 -22 13 31 -36 -52 14 30 -51 17 5 -6 46 4 -28 -1 5 -1 35 -21 -26 8 21
-8 -35 4 76 18 -57 -20 10 20 -23 85 36 19 47 5 -61 -17 -1 -11 4 20 -28 -25 -3 19 18 16 39 3 41 9 5 60 -9 -15 43 -4 41 13 -62 9 7 -7 21 44 49 25 -23 5 -24 -15 3 -2 19 69 8 61 11 33 -12 2 -24 23 -26
-12 15 14 13 -16 -48 -66 -23 -19 -23 -15 33 0 5 -32 60 -14 -54 -26 -44 -49 12 79 -40 -14 -27 -76 34 -15 29 38 -4 -35 -90 35 63 -18 21 -13 -25 51 -8 -5 4 6 -54 -8 66 28 -19 7 60 11 95 11 8 -37 -41 44 -20 -25 19 -21 22
5 -14 9 -54 14 -20 9 48 3 -21 46 17 48 -18 -13 -28 -48 27 -21 -25 2 -38 -3 -17 61 -28 -49 -18 21 -26 -21 -42 -28 13 41 8 29 2 21 8 -1 -94 -11 31 -23 61 26 57 60 -70 32 28 39 44 -20 -33 -32 18 -23 -34 -19 11 -27 35
-30 51 -34 -12 3 -35 -12 16 -14 -19 0 25 -21 60 -64 5 -8 9 -47 21 -58 14 -3 -18 -43 -24 -82 23 20 21 -41 -20 20 9 46 10 8 9 47 -21 -22 -14 -6 -8 34 13 -18 77 -18 19 -28 2 -12 72 3 6 -46 19 -27 -22 17 -16 50 44
4 11 -6 5 15 -12 -30 15 8 -22 12 -10 29 15 -1 30 67 26 20 36 -5 27 42 0 94 -58 -30 -44 56 12 -31 27 -10 89 -3 29 -36 23 -15 -47 -68 -23 27 1 -45 47 12 36 16 84 7 -8 36 -60 9 -13 42 16 -14 -3 -42 61 -8 21
-24 22 -3 58 -49 -17 -7 -34 -2 29 -11 18 24 26 -22 -75 -20 91 -31 -35 4 -3 -23 -1 -6 12 11 -38 40 -4 -26 35 -1 -10 3 11 3 27 -61 33 -3 4 41 46 -43 33 7 43 -52 -33 9 -10 -13 59 74 -6 32 19 40 13 -40 43 -29 -44
36 -4 28 13 -32 -57 68 30 51 -6 53 75 0 -2 -2 3 -93 -9 9 10 7 -13 -68 4 7 -30 8 7 -1 -1 24 10 -31 53 50 -32 -26 -16 19 17 19 9 -47 -19 -61 28 31 43 -12 11 13 70 -64 36 -12 -12 22 27 -19 14 15 55 8 26
-52 -7 -32 -7 56 -61 -2 5 -14 46 49 52 -1 6 9 10 -34 50 -70 36 55 9 29 -1 -35 45 -34 68 7 5 -7 14 -19 -10 54 -56 -25 -24 -4 -3 -7 -6 27 27 -4 8 -32 54 7 -81 -11 -11 33 -6 -23 -17 -59 -34 28 -35 40 -35 2 -14
-43 12 -22 -6 14 -34 91 -12 29 -2 16 26 -15 7 -7 10 -20 25 -43 -10 -22 -1 13 0 58 -45 34 13 19 -60 9 -12 8 -46 -6 -11 42 -8 -63 4 50 -27 -29 11 -44 5 -8 0 -6 -23 -16 -4 9 16 -16 17 16 72 40 -7 -34 8 -40 19
-15 45 -36 -7 6 -24 57 101 35 -27 -24 8 2 -10 -46 21 -20 28 82 -62 -4 -1 0 -2 7 -38 -4 -15 -21 -8 -62 -86 7 -16 16 21 42 27 23 -5 45 -41 -18 -44 16 -18 12 15 69 -31 4 14 45 2 -43 -55 3 52 2 27 0 -25 41 -72
-22 13 -32 5 31 -10 -1 -6 -19 -3 0 13 96 -19 1 10 61 -9 -1 -24 5 30 -25 -8 27 0 -3 -28 69 -11 -15 -10 32 40 6 -7 14 12 26 31 -21 -24 -7 -16 -72 -27 -29 16 16 9 10 -9 -49 39 -49 65 10 17 22 -21 25 -4 -28 13
86 -28 -8 38 -17 41 44 8 -3 32 -12 46 57 51 24 -27 15 25 -35 -5 -50 -9 -4 18 35 -47 -49 -73 48 -20 -26 -1 0 23 -58 -14 -44 62 18 7 72 -22 25 -48 8 75 13 -14 -31 -53 15 49 4 -14 8 -23 40 1 -17 -27 14 -41 22 -12
-1 5 75 -12 28 76 23 70 6 27 -6 -16 -22 10 0 -32 -54 -34 71 4 -74 -3 -5 -46 38 -15 -4 -15 22 36 12 -15 52 52 -34 -45 -24 57 -6 -24 -1 -25 -10 -35 -24 -9 42 53 32 11 -86 81 37 2 -22 6 1 -8 61 -31 9 -40 -9 32
-3 -13 -65 -17 -12 21 53 -33 29 -32 50 4 27 59 -62 10 47 48 72 -16 33 21 2 -34 7 64 38 15 1 -44 -11 -30 -12 37 53 30 15 -13 15 -62 37 -51 39 -21 78 -9 -6 32 -44 7 -33 42 17 20 41 5 -72 -13 -23 17 -6 -21 -27 -13
9 35 1 -20 1 -44 -5 55 38 75 -11 107 -9 -16 5 20 1 19 69 -40 -39 4 -3 2 77 55 17 -24 26 -55 -31 25 -31 -20 18 -103 4 15 19 50 -17 -23 -31 -20 -20 -24 -68 -32 28 -12 -16 6 10 -32 30 -69 35 26 -60 1 15 -40 -2 -52
23 29 0 -90 -2 -10 -11 -40 -26 -16 10 43 30 13 -40 11 16 45 32 -77 -51 -16 26 28 -21 69 -66 -9 41 -12 -35 40 -4 7 50 -32 3 -9 -40 30 18 -8 -2 47 -83 -10 -51 14 42 -29 51 33 26 39 13 -31 -22 11 -7 16 -75 11 -3 -10
