4.246890188076746578e-03 -1.582949608215981593e-04 9.787379841057392699e-03 2.383253727444789027e-01 1.716834305992764875e-02 -9.772778798764109737e-03 3.763100031134327880e-03 3.454943451265818921e-01 -1.032188517935578396e-03 4.047915021886722489e-03 2.812816988935911561e-02 2.613383655417816920e-01 -7.570424002105020228e-03 9.571989459769540297e-04 1.351126861836442206e-01 -2.058309823157346459e-03
3.480474200230237233e-03 -3.611301341531647068e-03 3.130677016509013887e-03 4.146492788638669186e-02 -2.646552185206131266e-02 6.536185954403606405e-03 9.899757664198763352e-02 1.561818160673784928e-01 2.269754623987607633e-02 -1.458528274244686070e-02 6.639296243689042643e-02 1.519240343071861198e-02 2.315963916479127013e-02 1.459065961000095141e-02 2.235927491171121051e-01 -3.094869196789457218e-03
-1.580090185428643587e-02 -2.053300650932573038e-02 -3.479121493261526192e-03 2.787884680395035994e-02 1.151355300620856593e-02 1.202379848784411280e-02 8.574052564979704749e-02 1.156463390509161471e-01 -1.048552965067092550e-02 -1.423858844277189201e-02 4.376413169291649974e-02 1.508707839185065291e-02 4.756743108510802683e-03 -4.636500520955502691e-03 1.942264816492084989e-01 1.139409546501519033e-03
-3.353373446848705725e-02 -6.007029986034163709e-03 -8.954665611936757016e-03 1.627837830350268578e-01 -6.449215800038922593e-03 -1.180632184122412144e-02 4.226841694531235233e-02 3.071265145149189024e-01 6.651722238316788932e-04 2.999380476166697059e-03 4.506769591494963478e-02 1.556438903906729176e-01 -1.361451399274613179e-02 -3.754853530837277617e-03 1.831344782861636100e-01 -2.368259294507361890e-02
-1.855726767733716434e-02 -8.206146323762717257e-03 -1.630198346966044501e-02 1.489781785581506535e-01 -1.038650329981560816e-02 5.194539579613894828e-04 6.581467834502846559e-02 3.012803353380649751e-01 1.139400684543300651e-02 -1.236584238288707983e-02 6.506184191817183937e-02 1.275836282573033775e-01 -1.360472004536791152e-02 -5.751193008133526768e-03 2.113989801341583097e-01 -6.422074519557437709e-03
-1.454080762316932972e-02 9.995087927148670059e-03 4.656624397304598775e-03 -8.128712866073174725e-02 1.447941227346020640e-02 1.895889176030583073e-02 1.377956619288014384e-01 -1.646958288263766822e-03 -1.070752621510542499e-02 1.053181077639944035e-02 6.684204403711094256e-02 -1.118220611486992339e-01 2.309066587336258344e-02 9.787542263969519624e-03 2.250073035444055403e-01 6.935528316193105818e-04
-9.048104088576537987e-03 1.687615000038676302e-02 1.269120927036199208e-03 2.662644158393911997e-02 1.807112969690182619e-02 -1.347759061142446424e-02 8.118635041686023124e-02 1.287314732175558196e-01 -1.173123405114159974e-02 1.939095030089033403e-02 5.946533115793133095e-02 -2.094001793955942506e-02 2.950059942448624364e-02 1.476854185828781023e-02 2.288519610175400176e-01 2.388582340281398750e-03
-3.126777810401058788e-02 1.430669878134040174e-02 -2.680033709513803680e-03 1.739737987206614600e-01 8.071245585238575812e-03 -1.550100930908341950e-03 5.430500200253876586e-02 3.432248024595734304e-01 3.764255311556294423e-03 -1.102011225420003113e-02 6.188773122867996523e-02 1.759015637598695947e-01 -1.523552300018582613e-02 -1.394090215579252539e-03 2.012051970596211437e-01 1.216638586584407704e-02
-6.455609198275483011e-03 1.948427164786085356e-03 -7.699160744453164076e-03 7.751034610579275730e-02 -7.700953188249574748e-03 3.183055827435118208e-04 7.096966890722712640e-02 1.937022897236680696e-01 5.765908166149409479e-03 -2.122521145053713441e-03 6.465874395213606907e-02 3.521069592838080992e-02 -1.107148875243109572e-02 4.423635091979849499e-03 2.084046946769592401e-01 -2.215016087308835770e-04
1.299801531166788586e-02 7.347213283104847732e-03 -9.128222254441585928e-03 1.111611117497596779e-01 -1.426169310210160732e-02 -4.615846048147089452e-03 6.155411781510442687e-02 2.315230727845348779e-01 -7.447548220484398983e-03 -8.271244153983125375e-03 5.286477677351687082e-02 8.093261039098133269e-02 1.270382013325094608e-02 -1.094617027409939235e-02 1.854064140274729877e-01 -1.094472736366567701e-02
-1.901937190268781705e-02 1.671708828470105934e-02 9.494208069257608837e-03 8.942277337052530195e-02 -1.329333296781052762e-02 8.443629764015471786e-03 5.875242063424168659e-02 1.976161371939435529e-01 1.188029792352301821e-02 3.162994509782859291e-03 6.779239973739405178e-02 7.209705879168422371e-02 1.010679458264349302e-02 -6.524401781114009397e-03 1.907510193451372460e-01 6.562843773898748099e-04
-1.391006152001804386e-02 -7.188141579612538842e-03 -4.555325035173431701e-03 9.409754083745110881e-03 -4.230479062267548419e-03 -1.374951293418018826e-02 8.708501212421974891e-02 7.183388151141896494e-02 6.252314510271875236e-03 -1.607198854412610414e-02 4.956655861815210951e-02 -2.431382664980909561e-02 4.196611978628812800e-03 1.530223553521393130e-02 1.909446472848953247e-01 -3.885994603539515493e-03
-2.078037619674056105e-02 -1.696438051788509704e-02 5.232766605317537220e-03 2.406167599598329765e-01 6.006549305413452257e-03 8.235041539637314237e-03 3.121083720630701483e-02 4.226448748249461707e-01 -3.691818379424435803e-03 -2.394677042816601830e-03 5.308633015939316635e-02 2.733282122497216471e-01 -1.007802702552048311e-02 -1.616874990801351469e-02 1.776362217236546470e-01 -1.397781788306610463e-02
-2.217887180993644014e-02 -7.991714156683980483e-03 9.101789080925919498e-03 3.256527819411186853e-01 5.827040318998357588e-03 -4.664190967359430756e-03 -3.256491701243646730e-02 5.120640001779892536e-01 -1.702041386144059493e-04 3.779506294141176878e-03 5.630531926050640762e-02 3.702422498510005155e-01 -3.639813813485239663e-02 -3.615221068355647157e-03 1.569567935053151342e-01 -1.493218775731015380e-03
-2.661054670727516433e-02 -1.306441426486951857e-03 1.565065379653755948e-03 7.945051062802549469e-02 -7.003350688791881370e-03 -2.379217297360070038e-03 6.212568773779880010e-02 1.885913199640337212e-01 -5.428614760167177478e-03 4.112690597441633067e-03 4.877613643981221908e-02 6.334635745297785558e-02 1.920671764062092945e-02 -2.081719261639001714e-02 2.154079122017858727e-01 -2.045869636141932769e-04
-1.790079087033146638e-02 -5.827781566748398839e-03 -1.328805775869556279e-03 6.114919037082078290e-02 -4.025867139581691505e-03 -1.676003806329976614e-02 9.296184814540388308e-02 1.858471969791742340e-01 -8.133642592042028205e-03 -1.469200071442195409e-02 6.685036291617819926e-02 3.204015519481301366e-02 6.787959988849175813e-03 -3.341349101523610234e-03 2.174670353495197217e-01 1.175136523701554120e-04
-2.411178033077915686e-02 -1.731754851403949011e-02 -1.582938397335081904e-02 1.452635719551046700e-01 -1.316526391388261018e-02 -5.068163542986875610e-03 4.687242480420906326e-02 2.828400599094073598e-01 -1.936279805846507010e-02 1.873872379539146590e-03 6.093900660808036079e-02 1.353414885038660975e-01 -7.315195858159419424e-03 9.345600296996333474e-04 2.071650885726527280e-01 -3.404579429510567329e-02
2.451287620171037156e-04 -1.321730763887082405e-03 -6.524085823870200140e-03 2.434292271801260787e-01 3.218583472802420600e-03 -1.161039390343665371e-03 -1.736890058479488227e-02 4.313089696632234071e-01 -1.105406572324726206e-03 1.017107534582452517e-02 3.152488760593004369e-02 2.910017343416640978e-01 -1.451501356549608941e-02 5.834669046255171361e-03 1.581149421887546036e-01 5.516228190239117618e-03
-8.440536971061531751e-03 9.737093493324328053e-03 -6.280875596415789151e-03 1.308240674238970447e-01 2.180461673251098478e-02 -1.060015822721547228e-02 4.644015504204138806e-02 2.788754316213696849e-01 9.772496771485561073e-04 5.794410022237730593e-03 4.713440923727266890e-02 1.368014044998454581e-01 -1.734988025623365737e-02 1.654595363775085773e-02 1.865798650472949016e-01 -1.297293068265995865e-02
-9.404833171973125657e-04 -5.223918276767711318e-03 -1.334258471402753436e-02 -1.498550504192334770e-03 6.184277510057426160e-03 -1.595734381462669089e-03 1.016145411468745291e-01 1.149209112058760390e-01 -1.126825808756743569e-02 -7.372980508953142116e-03 6.295705469555455680e-02 -2.460460916491498742e-02 1.219015139266463668e-02 -3.001292638525586594e-03 2.228961774721983369e-01 -8.564485908014216053e-03
-9.098508370168824355e-03 -6.162110040046477576e-03 2.745163577239395289e-03 -1.371029210328347792e-01 -1.174934835186233588e-02 -3.122922511256933254e-03 1.568499916105792202e-01 -4.928663747124008288e-02 -7.047002758562337203e-03 9.411096028596801014e-03 9.074339038180770367e-02 -2.186535258276952054e-01 3.693282032676957483e-02 -1.181504662904378847e-02 2.229689307048742797e-01 -1.074419535106083644e-03
-2.368261129307376242e-02 4.413943087386098391e-03 -6.840108977372165965e-03 -1.168060995482757486e-03 1.004219400953132967e-02 -4.533858038513876969e-03 1.097890047831900223e-01 5.787382276891238353e-02 -4.409226322925913905e-03 -2.831137122675322221e-03 6.795527006231527611e-02 -6.286277337893983463e-02 2.197242027429490568e-02 3.364041772592378000e-03 2.250766455124792453e-01 -2.130852431585867138e-02
9.340196301263114977e-04 -9.856404516520650069e-03 -6.522935999350191680e-03 1.457702219243099395e-01 -1.972134309941027050e-02 -4.779740040404867156e-03 3.451820166174232596e-02 2.816039156041035274e-01 6.984571491073360110e-03 -9.155308165821629697e-06 5.535818482033970367e-02 1.578419639366145655e-01 -5.121754860537991623e-03 1.418860004366469078e-03 1.793895072280033143e-01 -1.066457102576619242e-02
-1.095684944977880736e-02 -1.280792731045306276e-02 2.804417053162959732e-03 7.710304340020965319e-02 7.345064559022494201e-03 -2.494585801609488541e-03 6.690840140379818168e-02 1.983454617502033168e-01 6.433144650629278767e-03 -1.575609069126116674e-02 5.161700624758457784e-02 8.131131519029022314e-02 -1.366797909804978554e-02 3.691847358965786186e-03 1.748707239417694459e-01 -1.709957876149975284e-02
-4.602707670513864744e-04 -1.518895628515270525e-02 -9.855107376841506020e-03 -8.042068317616420103e-02 1.608142826580410620e-02 1.642277554873339479e-03 1.297319445875507182e-01 -1.140216897605248261e-02 -3.534317487571990955e-03 -1.619741769235818335e-02 6.533761675240072619e-02 -1.298216163788336874e-01 3.021383970037862937e-02 1.127285438754210313e-02 2.328236157728621747e-01 1.753869087368608573e-03
-1.171064424653547181e-02 -1.115160423056087841e-02 7.666631816450861052e-03 -8.051074510423488276e-03 -1.831154899183252971e-02 3.554817927437690928e-03 1.186762184288377708e-01 7.028336198322716888e-02 -1.850536710093415339e-03 -8.121341589247006026e-03 5.321979978706172648e-02 -4.604844865219117483e-02 1.218241975450318725e-02 -2.403081209365462087e-03 2.409197087675712667e-01 -4.201894232293455701e-04
-1.427616998461175499e-02 -2.895014136586480848e-03 1.519994860765772754e-02 2.096831180504689640e-01 7.803370416840037758e-03 5.822245913979242314e-03 1.218382136409893422e-02 3.444612091338887239e-01 -1.301069541937039916e-03 9.012475959201628108e-04 5.887342198951189820e-02 1.749763232616641240e-01 -1.551102783974970568e-02 2.548540186460861254e-03 1.895349825036366509e-01 -2.102676001014093521e-02
-9.533062754063587746e-03 -1.474660135389238048e-03 -9.711045704444845952e-03 1.793865296428243661e-01 6.794982619898385853e-03 5.292646299360853434e-05 4.557478780226972837e-02 3.272288139567157139e-01 -3.952289826543544000e-03 -1.157925740768637329e-02 4.973429118529391207e-02 1.843450575394763868e-01 1.544698372900628726e-04 -1.223057546709808334e-03 1.967978647304313433e-01 -1.632356435093223687e-02
-9.391344590449358931e-03 7.666206071548281251e-04 -1.054628463985013941e-02 -1.045611778384277074e-01 4.352508571962674863e-03 2.790957643924534513e-03 1.582472968147805303e-01 -3.123973285444416048e-02 -4.688641879667956001e-03 -2.202785810931465540e-02 8.428635906764415930e-02 -1.876793915983206162e-01 2.276430020147665600e-02 -9.825487205627394388e-03 2.476475112132749956e-01 -5.371281090862381306e-03
-9.774177218852890883e-03 2.449422632592790708e-02 -9.605043816331480452e-03 -3.787674606839579877e-02 -2.346988731906194184e-02 2.514844150215370111e-03 9.632481815050310259e-02 4.472347031701112002e-02 -2.756705345605569690e-03 -7.141419067853610296e-03 8.737868537843311578e-02 -6.952523641691635281e-02 3.072498053257319284e-02 -9.059927997458689167e-03 2.378019091595729717e-01 -2.081118215563450627e-03
-3.228402047024061736e-03 7.034925313681592018e-03 -9.087632459590530565e-03 1.813047842328595061e-01 7.138945138621813520e-03 -2.655619092974932996e-02 3.850810586441995309e-02 3.200963832178359003e-01 -4.570396066023485514e-04 2.127027754615889391e-03 2.921915148413710764e-02 2.015170715857123596e-01 2.512787205464062264e-03 1.272864314984359368e-02 1.991477168527469310e-01 -7.659507582726132399e-03
-3.026176950520220038e-02 -1.239879274072706872e-02 -1.018041875287364721e-02 3.558604763813026373e-01 1.667141785425497449e-03 -3.424228053195386978e-04 -2.494357288506807158e-02 5.463928820133784336e-01 -3.474506524985632692e-03 -5.877433287834100788e-03 1.180890736768093648e-02 3.997813846239631208e-01 -4.163000115221292957e-02 1.285003409623991684e-02 1.643142987151236523e-01 6.536354478675000974e-03
-2.364903662621240313e-02 -2.217704521302386531e-02 -6.600563201340828821e-03 1.344646371327504197e-01 3.680344225810896347e-03 1.047972155968052849e-02 5.525911415180143060e-02 2.735707483894729841e-01 -2.226056809483204987e-03 -9.154917837110299744e-03 3.456112412921814175e-02 1.222762230968368613e-01 6.482705415108489097e-04 -9.164820811850814611e-03 2.069728447316100395e-01 6.813512416193929014e-03
-3.617313202252117610e-02 5.222744485945687853e-03 -2.239604058661736827e-02 1.742089151680908110e-01 1.087155214466503650e-02 6.485610634357618243e-04 2.040303432435818659e-02 2.948874826692385320e-01 -2.616454457109007158e-03 -1.811303072244889109e-03 4.261047671354534910e-02 1.802856974059054151e-01 -4.984516683818981074e-03 -1.233662248757949956e-02 1.787903221807999321e-01 8.080460863343312886e-03
-1.184445533686019451e-02 -6.742368154771696646e-03 1.078197303714237797e-02 1.213951657540870560e-01 1.047301353808950501e-02 -6.319037580051672931e-03 4.468486713092922197e-02 2.614805929782386129e-01 9.424681192203937519e-03 -2.732391748638332129e-03 3.851658499378551176e-02 1.664025539893191630e-01 -2.671741175419727402e-02 -2.368409951239255527e-04 1.743062133943363290e-01 -1.516504961709374578e-02
2.496843661627877117e-02 2.178206617688876849e-03 1.950696971513811700e-03 -1.073778083501026465e-01 -7.669669733283436194e-03 1.965574007287849024e-03 1.427521869380610486e-01 -4.251676743004728642e-02 8.627898917576322109e-05 5.214828955375115302e-03 7.608418277745761238e-02 -1.653216690342881323e-01 2.738084409413561390e-02 7.353623058262758437e-03 2.427929327275671900e-01 -1.180606807718815807e-02
-9.146652869659259444e-03 -1.096808666748035066e-02 -1.310540115414123366e-03 3.476237576624904152e-02 -2.035239709377740722e-02 -6.598917297294979584e-03 8.031756151892886775e-02 1.077542317110010833e-01 -5.543096265713008848e-03 -4.757768206209999490e-03 5.629090615287777460e-02 1.479943301540593116e-03 8.555516505317667039e-03 -3.072921552034497267e-02 2.167526277419865866e-01 -3.455267262018605311e-03
-4.145422795608186273e-03 -1.043755629428647601e-02 3.517801106813582806e-03 8.444075275307468334e-03 -5.434644604203950520e-03 -2.167314705755386470e-03 9.082560428561795018e-02 7.688827928681203627e-02 -1.550429345083480931e-02 4.105374134074531167e-03 5.221700768816243260e-02 -2.756852347908462370e-02 3.129630240555266460e-04 -6.268787525064042215e-03 2.144068334880988580e-01 -2.396054456867953084e-02
6.926579353474378656e-03 -7.783592947813707062e-04 -1.742356197809230567e-02 -1.256416697053122367e-01 5.750076893507391138e-03 8.955559855513240200e-03 1.485445513198974388e-01 -7.243111624298761986e-02 2.238435633129106858e-03 3.319754725024111341e-03 8.838125621536259413e-02 -1.939421465875275641e-01 3.683844066404671352e-02 -4.162176331748080466e-03 2.428254583159028812e-01 -1.102384232841339615e-02
5.755632420281591756e-03 -9.009006402067424452e-03 1.833391992576012671e-03 -6.969018411773128530e-02 -9.927206513536913565e-04 -1.385042735095726062e-05 1.283766433490294290e-01 -5.800240269237705304e-02 4.661664260340307731e-03 -3.804732837801367250e-03 6.303617555620244506e-02 -1.358727503756859412e-01 1.852620155586363546e-02 1.871823502907971884e-03 2.410146842747473150e-01 4.885399556506765488e-03
1.116851973830355026e-02 1.736099031345002264e-02 1.034409886481518076e-02 -1.070792215769434674e-01 -1.255878992180498727e-02 -3.049636378544204329e-03 1.508878685693616772e-01 -7.969464150173943828e-02 -6.006575576577885371e-03 1.542655061633765520e-02 7.038305864926569511e-02 -1.747525565651601998e-01 3.310241862857730283e-02 4.611107262904228475e-03 2.384298988512137396e-01 -4.677628152568997881e-03
1.453627416075119541e-02 -8.930142587684371941e-03 -3.707040032204534600e-03 -1.128014777382626149e-01 -9.681076571552506976e-03 -1.263068349102275389e-02 1.387506517032848496e-01 -9.311444719021716443e-02 -4.481653626807080570e-03 -6.583923431935649780e-03 6.183222105173885597e-02 -1.403398746154300991e-01 1.015732685828244115e-02 3.115500070530586359e-03 2.176159865296500850e-01 -2.731944086716748404e-02
-5.667361051235143832e-03 -5.447924558688421737e-03 2.195095557930452478e-03 -7.328231330145144884e-02 -9.844534480414996250e-03 1.017020991413244632e-02 1.418090528048964460e-01 -5.678859632817608027e-02 -5.914026678081107935e-03 1.119211878584710183e-02 6.869470252135137511e-02 -1.127777827258443222e-01 2.107850983633040992e-02 -2.882489789799227639e-02 2.450015954812547192e-01 -2.500015228076594639e-02
1.657792604179219448e-02 2.786437215642902088e-02 3.305767562743739882e-03 -6.108525764432577720e-02 -1.551845109446596885e-02 -1.777666954733706298e-02 1.165589059576054159e-01 -5.310985355750769826e-02 -3.462494476473099679e-03 -7.959689320632866438e-03 5.847294155748667538e-02 -9.615261234163847981e-02 1.323342857198930335e-02 -1.273542653335046557e-02 2.100679184199403804e-01 1.110441707382464442e-03
2.270578092810100410e-02 2.615986968160020215e-02 9.364457258311158563e-03 -8.461153371132161538e-02 1.219068408871593935e-02 2.114970127318780389e-03 1.181339330309679331e-01 -8.349293266630089527e-02 -6.963266538610828754e-03 -2.967185994250893643e-03 6.852978711537056900e-02 -1.210306321050961947e-01 2.216612166575951393e-02 -5.305905801960719703e-03 2.285250966293421448e-01 -1.556574274294879844e-02
1.745642273748748002e-02 2.535502492827344778e-06 1.839254943403099366e-03 -9.689139533684811012e-02 -1.644492555629094993e-02 -8.871809418450402399e-03 1.209883687805682617e-01 -8.905270243578737588e-02 8.126740421090423300e-03 5.748123202391814193e-03 5.212638680139821540e-02 -1.432276647366184097e-01 2.658733197406376939e-02 -1.124438761271520822e-02 2.467482050624786594e-01 -3.205932312894370362e-02
3.427435347973540464e-02 -6.284501948942644578e-03 -1.043434914946926367e-03 -1.327706669032319708e-01 -1.213337928792698056e-02 -1.140196300934961590e-02 1.574298640369352076e-01 -1.584329828367237736e-01 -7.657021944780862885e-03 5.478110444543379115e-03 5.562698267628517212e-02 -1.563903106322088454e-01 1.860568708627070508e-02 1.884702325340998101e-03 2.334742559984228916e-01 -2.736571976888829000e-02
3.875044260469324292e-02 2.453228683139930394e-02 -1.485770335470271597e-04 -1.201001500605475003e-01 6.363007735652387482e-03 -7.075056975105769273e-03 1.395344869080982209e-01 -1.972120634797772387e-01 -4.513030371025261202e-03 2.530316337376006374e-03 5.863238845227383006e-02 -1.657744278247497982e-01 4.663451993038544158e-02 -1.198035639506095026e-02 2.223594939142475857e-01 -1.164742383046895452e-02
5.215605188381235158e-02 5.229126156935628295e-03 -4.990166379941828739e-03 -1.174212777206612990e-01 -9.587889680514331131e-03 1.927538490652161820e-03 1.318814119113022043e-01 -1.863863103817967048e-01 -5.858655113386084749e-04 -3.272628245902936984e-03 3.399677919146851940e-02 -1.529799180983750784e-01 5.319850329307291431e-02 4.170437044751177519e-03 2.277652026607934477e-01 -2.496823510826900322e-02
4.775530501030212510e-02 1.034299362936689538e-02 5.290452383344316535e-03 -1.157036397026229013e-01 -1.403353183283895592e-02 -4.140081155796743011e-04 1.277640675328133024e-01 -1.993725876052453161e-01 -8.974009269018305701e-03 1.297220207478394678e-02 3.618156488655503711e-02 -1.590081080413783543e-01 4.225390948585890788e-02 -1.214554250187029581e-02 2.176365091008929109e-01 -2.154566539878436868e-02
