2.621587947569113952e-01 1.092519787300125500e-01 -1.726711522100486396e-01 -1.812567280760624122e-01
6.441209261417574217e-02 2.734034388417342157e-02 -4.246453883118947448e-02 -3.110807904479354069e-02
-1.688230027771432315e-02 -1.124659825595527131e-03 -5.324899192090677691e-03 6.450552734598768989e-03
-2.642214814551585023e-01 -4.125820616663601892e-01 8.514271082640351151e-01 -1.490420089405595228e-01
-7.211643384435783774e-03 1.629066773379143906e-02 -6.953590068179103800e-03 -2.796050017777457469e-04
-1.114561184184125115e-04 1.149889987006237505e-04 -8.376780419079452034e-03 -5.911831037644297605e-03
-3.749016064090653355e-01 2.854058548379353466e-01 -2.936751773060110038e-01 4.053231464300764419e-01
-1.056354711888924269e+00 -4.841641818743568360e-01 1.177388049779396928e+00 3.849621775912952515e-01
3.060182433851780831e-04 -6.964157844693558272e-04 5.157494276988904350e-04 8.672766288084278810e-03
-8.529532213252902575e-03 -3.160955157051170694e-03 4.629545101479346295e-03 3.139844516577045604e-03
-2.917937966578198483e-01 1.053590437687376147e-01 -4.969969185291395197e-02 2.658963010409929884e-01
-2.267002769916062199e-01 -3.223715719905908550e-01 9.893400998660127899e-01 -4.359697864411371526e-01
7.382717367190771984e-02 7.434895383481097964e-02 -1.719766220986979344e-01 -2.073579134513207217e-02
1.436967304709042478e-02 -2.455403577536872245e-02 -1.277658110429628728e-02 -8.746477701612413030e-03
-1.158761814577900173e+00 4.817117151579092260e-01 -1.416512856251888886e-01 7.931123645857983684e-01
1.679224537221405689e-01 -3.462592335720582337e-02 -3.724707352693610446e-02 -8.157740758440205908e-02
