-4.551198492835413500e-02 -6.916221510227470171e-02 1.346371721731826343e-01 -3.105477521023751186e-01
-1.622141869342539344e-01 -2.235484536496047947e-01 2.536058829440429249e-02 -1.303163518371409403e-02
4.733323312216507206e-02 -8.178631437978340912e-01 -1.369035385022975282e-01 -7.141930267841027913e-01
-2.769186122774907055e-01 -3.816023448440700738e-01 1.871380855598591686e-01 2.010181162873600769e-01
-3.805462826387503439e-01 5.494770411377483121e-01 -9.007081459261508938e-01 -4.844507508150647061e-03
-6.524440355433085426e-01 -3.796322545512494928e-01 4.508318220232755691e-02 -8.129736788798204439e-02
1.160230905617550407e-01 -4.433138895878362962e-01 -2.503258107426683532e-01 -3.124922621738199235e-01
1.343429982485460972e+00 -5.189742703775024335e-01 -3.935644167951070638e-01 -2.090373984833607257e-01
7.853384861125338734e-01 -4.644998890856152918e-01 1.233014026653143566e-02 -3.690820214547766431e-01
-1.976996943376885807e-01 4.066612136002882294e-01 -3.161057567389077144e-02 -1.432542700414998205e-01
6.249557340328778521e-01 -1.495421392761993318e-01 4.147010577270229259e-01 1.831430133872410659e-01
2.975404488460605679e-01 1.514608468518150730e-01 -3.088017713048341606e-01 -8.146541770096898949e-02
9.913422183207470928e-02 3.061824451359857480e-01 -3.991654361434678333e-01 -2.290380204260392683e-01
5.120290516418501969e-01 4.635533624570093575e-02 -1.678710994655181754e-02 -6.034693204865558373e-03
8.366923472071120804e-02 4.243482753055441425e-01 1.809789090836673442e-01 -3.302725482678101621e-01
6.496847247878679843e-01 4.549640745975041534e-01 -6.936985044008927570e-01 2.043709997668118894e-01
1.312569002185951239e-01 6.155316909190784447e-01 3.040356195159413244e-01 -2.244605915641952054e-01
-5.813853424756700861e-01 -1.345754000097661773e+00 7.947807135748304885e-01 1.746346660401245920e-01
-1.447994313442249881e-01 -2.119861382473459677e-01 -6.410037650825592959e-01 5.652554162264007420e-01
-7.709211604355542535e-02 -3.368094418823620040e-01 4.919898464830118057e-01 -5.113165621105183467e-01
-4.208214306992860143e-01 6.098241314144103864e-02 -1.243975622237619705e-01 4.354997826353474433e-01
2.877724393345124643e-01 -2.266225644461326849e-02 -1.626754329112835296e-02 -4.418729306773776511e-01
1.321381897739722089e-02 2.225176691788991468e-01 -3.690725879217142402e-02 1.374092049588778175e-01
6.173011885994569292e-01 3.928507696053825660e-01 -2.038835153411982237e-01 -5.619485930891530284e-02
-2.739419520365862781e-01 -1.962740328395984057e-01 1.887226547171480806e-01 1.693780773001823392e-01
-3.592916274291733103e-01 5.477308307553580002e-01 -5.559965296243229993e-01 5.284737097296965391e-01
-1.146175192199611337e-01 6.360254940684576530e-01 4.467712492333344998e-01 -4.804922747267892369e-01
6.424895768373078964e-01 -1.231677641108445964e-02 -4.901742617263278590e-02 -3.860352697079156431e-02
3.208454372182524827e-01 -2.748907284693743458e-01 -1.101026806661188073e-01 -1.930226494016996919e-01
-4.889699436179515551e-02 -9.720820288785150809e-02 -3.730665878587834106e-02 5.162271162383142570e-02
-2.864042606388995660e-01 4.855595956200296492e-01 3.073458978723541679e-01 -1.344421651936810735e-01
1.070018920945664809e-01 -2.153100757820410743e-02 5.491133223671105373e-02 -6.947071538953772385e-02
